Number of Nodes: 15 Number of Edges: 100000
Probability Params: 0.100000 0.300000 0.300000.
Version: 3
Num processors: 1
Process: 0, time for step 1: 0.000064
Process: 0, time for step 2: 0.000463
Process: 0, time for step 3: 0.000107
Process: 0, time for step 4: 0.001637
Process: 0, time for step 5: 0.000110
Process: 0, time for step 6: 0.661351
Process: 0, time for step 7: 0.000000
Elapsed time for proc 0: 0.671340
